159 18 0
159 14 0
164 10 0
159 13 0
165 7 0
161 11 0
160 12 0
164 8 0
157 18 0
171 4 0
171 4 0
168 7 0
173 2 0
160 15 0
171 4 0
167 8 0
171 4 0
166 9 0
172 4 0
171 5 0
169 7 0
172 4 0
161 15 0
164 12 0
162 14 0
171 5 0
170 6 0
169 7 0
166 10 0
165 11 0
162 14 0
161 15 0
168 8 0
170 6 0
170 6 0
146 30 0
165 10 0
172 4 0
164 12 0
166 11 0
164 12 0
163 13 0
170 6 0
169 7 0
164 12 0
169 7 0
164 10 0
164 10 0
154 20 0
166 8 0
166 8 0
166 8 0
152 8 14
160 14 0
165 9 0
164 9 0
162 11 0
165 8 0
168 5 0
158 16 0
161 11 0
157 13 0
153 17 0
158 12 0
155 16 0
156 15 0
150 19 0
157 11 0
153 15 0
163 5 0
154 14 0
158 10 0
160 7 0
156 11 0
160 9 0
162 6 0
149 19 0
155 15 0
157 14 0
162 9 0
159 12 0
147 24 0
158 13 0
160 10 0
148 8 14
159 11 0
151 19 0
162 8 0
151 18 0
157 12 0
141 28 0
157 12 0
156 13 0
158 11 0
147 22 0
153 14 0
155 10 0
150 14 0
159 5 0
157 7 0
149 15 0
156 8 0
156 8 0
116 47 0
149 14 0
154 9 0
152 11 0
156 7 0
156 7 0
149 14 0
144 19 0
152 11 0
154 9 0
153 10 0
158 5 0
150 13 0
155 8 0
160 3 0
148 15 0
146 17 0
153 10 0
153 9 0
154 8 0
153 9 0
154 8 0
158 4 0
149 13 0
154 8 0
146 16 0
153 9 0
151 11 0
148 14 0
155 7 0
156 6 0
155 7 0
152 10 0
155 6 0
152 9 0
147 14 0
146 15 0
150 11 0
147 14 0
150 11 0
142 19 0
144 18 0
145 17 0
152 10 0
153 9 0
148 14 0
157 5 0
155 7 0
156 6 0
154 8 0
151 11 0
150 11 0
149 12 0
155 6 0
153 8 0
151 10 0
149 12 0
154 7 0
154 7 0
150 11 0
154 7 0
148 13 0
148 13 0
144 17 0
143 18 0
157 4 0
146 15 0
145 15 0
140 20 0
137 23 0
147 13 0
139 21 0
130 30 0
130 30 0
119 41 0
160 17 0
159 19 0
173 8 0
169 12 0
172 9 0
177 4 0
152 30 0
174 8 0
170 12 0
174 9 0
170 12 0
175 8 0
168 15 0
169 14 0
172 11 0
161 22 0
173 11 0
171 12 0
171 12 0
171 12 0
169 13 0
170 12 0
165 15 0
174 6 0
166 13 0
176 3 0
176 3 0
167 12 0
169 10 0
169 10 0
165 14 0
162 16 0
163 13 0
161 15 0
170 6 0
129 48 0
164 14 0
171 6 0
172 4 0
170 6 0
166 10 0
164 12 0
167 8 0
171 4 0
163 12 0
168 8 0
161 13 0
152 22 0
166 8 0
163 11 0
165 9 0
171 5 0
168 8 0
158 18 0
163 13 0
162 14 0
161 15 0
162 14 0
156 20 0
160 15 0
166 9 0
162 13 0
157 18 0
157 18 0
151 24 0
162 13 0
150 25 0
151 24 0
147 26 0
166 7 0
161 9 0
155 15 0
158 12 0
160 10 0
158 12 0
163 7 0
164 6 0
153 5 15
164 9 0
162 11 0
163 10 0
149 24 0
159 14 0
165 8 0
165 8 0
159 14 0
164 9 0
164 9 0
164 10 0
166 8 0
166 7 0
168 5 0
167 6 0
168 5 0
159 13 0
159 13 0
168 4 0
166 6 0
160 12 0
158 14 0
167 5 0
165 7 0
168 4 0
158 14 0
165 7 0
168 3 0
166 5 0
165 6 0
146 25 0
147 24 0
163 8 0
152 19 0
161 10 0
159 13 0
166 6 0
162 10 0
165 6 0
163 8 0
163 8 0
160 11 0
159 12 0
164 7 0
161 10 0
159 12 0
151 20 0
157 14 0
165 6 0
163 8 0
162 9 0
164 7 0
166 4 0
161 9 0
160 10 0
153 18 0
164 7 0
162 9 0
162 9 0
167 4 0
164 7 0
169 2 0
166 5 0
159 12 0
162 9 0
155 16 0
165 6 0
163 8 0
163 8 0
164 7 0
163 8 0
165 6 0
160 11 0
163 8 0
164 7 0
163 8 0
167 4 0
161 10 0
161 10 0
162 9 0
162 9 0
166 5 0
164 7 0
163 8 0
167 4 0
155 16 0
156 15 0
163 8 0
163 8 0
164 7 0
160 11 0
155 15 0
158 12 0
158 12 0
152 18 0
143 27 0
146 24 0
124 46 0